11, Stinger, 	2, 2,		2, 200, 25,		250, 0, 225, 190,		1200, 0, 300, 0,	100, 250, 0
75, 16, 	20, 100, 60, 60, 		-10, 50, 0
One scary looking bug.
ENDBIO
27, Ice,		3, 3,		5, 200, 50,		1500, 0, 360, 220,		1200, 0, 400, 0,	100, 2000, 1000
60, 17, 	60, 80, 180, 100, 		-15, 6, 1
Something lies frozen beneath the ice.
ENDBIO
29, Chronos,	3, 1,		5, 300, 80,		4000, 0, 360, 310,		1200, 0, 200, 0,	100, 8000, 4000
100, 18, 	170, 25, 	 180, 340, 		-8, 2, 1
Something dwells beneath the shifting sands.
ENDBIO
30, Blue Eyes,	4, 2,		5, 250, 40,		2500, 0, 360, 220,		1200, 0, 200, 0,	100, 4000, 2000
45, 19, 	10, 110, 	 75, 60, 		-12, 75, 0
3000ATK 2500DEF
ENDBIO