1, Training Ground (Easy), 1
1, 5, 	100, 500
2, 2, 	500, 800
1, 5, 	600, 1000
3, 4, 	900, 1200
1, 8, 	1000, 2000
2, 3,	1500, 2000
4, 10, 	1500, 2000
1, 15, 	2000, 3500
3, 8,	2000, 2500
2, 5,	2500, 3200
3, 3,	3500, 3500
5, 1,	3700, 3700
1, 8, 	4000, 4800
2, 3, 	4400, 4600
4, 25, 	4800, 5200
END
2, Outskirts (Hard), 1
1, 10, 100, 1200
2, 4,  500, 1500
1, 8,  1000, 2500
3, 8,  1000, 2000
2, 5,  1500, 2000
1, 3,  2000, 2200
3, 8,  2200, 2600
2, 5,  2200, 2600
3, 10, 2600, 3000
2, 6,  2600, 3000
3, 3,  3000, 3000
6, 1,  3000, 3000
5, 1,  3200, 3200
6, 1,  3200, 3200
1, 6,  3400, 4000
6, 3,  3400, 4000
3, 4,  3600, 3700
2, 6,  3600, 4200
3, 3,  4000, 4400
6, 4,  4000, 4500
1, 8,  4000, 4500
6, 6,  4500, 5000
2, 4,  4500, 4800
3, 6,  4500, 5000
3, 3,  5000, 5000
5, 1,  5200, 5200
11, 1, 5500, 5500
END
15, Frozen Mountain (Insane), 5
25, 25, 100, 400
23, 5,  500, 900
25, 10, 700, 900
23, 8,  1000, 1500
26, 1,  1600, 1600
25, 15, 2000, 2200
23, 8,  2300, 3200
25, 20, 3000, 3200
26, 2,  3300, 3500
23, 5,  3800, 4000
24, 2,  4000, 4200
26, 1,  4000, 4000
25, 25, 4400, 4600
26, 3,  4600, 4800
23, 6,  5000, 5500
24, 4,  5200, 5400
25, 25, 5500, 5700
26, 2,  5800, 6000
24, 40, 6300, 6600
26, 3,  6600, 6800
25, 35, 7000, 7200
26, 3,  7200, 7600
24, 60, 7800, 8500
26, 1,  8000, 8000
26, 2,  8300, 8300
26, 3,  8600, 8600
25, 99, 9000, 9600
27, 1,  10000, 10000
END
16, Forgotten Desert (Special), 2
29, 1, 200, 200
END